9
0
4
1
6
0
1
6
9
9
5
8
4
6
1
2
3
0
3
8
1
4
6
7
5
5
4
6
8
5
6
2
7
6
4
8
8
8
9
1
5
1
5
3
7
4
1
8
1
4
7
5
1
6
6
9
8
7
7
8
2
8
6
6
2
7
5
0
9
0
8
8
9
1
7
5
1
6
8
3
4
4
2
9
3
4
1
5
0
4
7
1
9
7
1
8
5
9
7
3
3445
3842
9810
906
4244
1083
327
5314
2278
1217
3499
5386
6937
4625
1396
6396
6654
5450
7105
6908
5073
5595
4959
4617
8291
5898
8475
3391
7161
1166
6562
6407
3085
7482
3380
4428
8994
5767
9286
666
5302
588
6487
4020
7056
6125
6107
8850
6728
6493
6675
7046
230
65
9853
3017
130
6290
9495
3927
619
1438
8511
356
2499
6812
7750
5497
7863
1003
9140
4735
1517
6918
917
4423
8198
9829
8976
5411
3106
6387
6200
3749
5331
184
6283
1602
9386
5490
5591
6770
6622
5461
1341
9254
4235
8652
2942
7734
9910
7338
8643
6071
9279
4946
8665
6358
5695
9551
3128
3508
9345
1345
9940
9725
1037
7637
1148
1286
1151
319
6016
1811
5606
3191
7840
1618
5097
189
880
1783
3684
1002
3703
7189
2912
7988
6279
3142
3840
6734
7575
6247
4039
1930
4555
1475
5432
2908
7989
9659
7701
5148
8901
3070
6073
4167
9196
6827
1041
4595
846
6752
4468
4365
9670
6397
8180
1377
4707
1338
7949
1077
832
5442
4634
6003
6626
2411
5335
7425
5386
6099
5008
9422
2410
3241
1209
1035
821
1220
9815
5619
8862
5940
7819
6104
4130
1731
9887
4044
8402
4856
5593
8826
8873
9688
700
5199
2044
5897
9406
6183
7039
5460
5125
712
7124
7318
8298
5
5998
4372
9519
656
7268
9880
4044
6400
544
8828
9909
3034
8199
3378
456
8911
4644
7181
4995
1618
5709
8960
4866
1044
7927
1057
6262
2430
4998
5002
7073
2666
3084
316
4781
6447
5394
831
9916
887
5092
9147
2074
5342
9927
6140
6175
5129
5446
6166
3042
1825
522
4165
8711
5323
2840
814
3336
5189
6596
4888
4497
6622
1347
9905
9797
419
9502
5534
4847
594
1522
8483
179
3373
5844
5579
1986
9692
7411
5653
4956
3631
6422
3099
3488
5407
2996
1776
5263
1056
434
2149
4031
5718
2118
9064
2635
9376
8395
4009
3480
2389
8526
298
18
7033
4516
5379
5652
3756
4190
1072
7815
5728
1685
6007
2978
6502
3152
1417
8127
6051
9781
3285
7551
8964
4251
867
7347
59
6541
132
9099
948
5803
9459
9148
3913
7291
7448
4426
269
2749
3833
2838
8345
9675
9645
3376
674
3151
8271
637
5411
7791
6251
5523
1884
2868
1640
9106
695
41
9330
2509
2994
5486
6211
3494
4206
5787
4237
6119
1907
9714
4758
9468
270
5837
8449
4383
3752
903
7461
859
2628
5639
7660
7954
7380
4310
9114
2554
905
1042
3336
8082
6709
9547
1372
6962
1150
9642
9047
9152
2274
1186
7082
751
5138
8638
4742
8498
9932
5210
6495
6191
5849
8030
9004
8990
4543
4373
141
7904
6116
540
5833
8109
9760
3381
1891
1685
8781
1739
6265
2584
2190
4992
5081
9122
4089
8739
4272
6574
5106
1917
6913
3659
5222
5370
1710
7020
5233
36
9397
2824
5740
4907
570
546
7094
8210
6685
3028
4382
8163
3240
8900
186
3570
8504
9033
391
7518
9717
3462
2622
7076
5247
2516
2191
7902
4055
9119
8349
841
471
5719
7878
5524
1183
598
6413
1412
1885
4273
965
1044
5608
7592
9852
1178
4633
2695
4081
9493
4103
2623
5876
9906
8894
3647
4329
958
4074
7467
9417
9158
4294
6687
357
250
9147
6637
5159
8384
6375
8914
9847
8020
8028
1495
4086
1741
6978
770
6811
5723
6795
701
3336
3597
9536
5726
1992
5839
1629
7414
1383
3760
2661
8934
8302
3409
5075
6186
8969
4217
1327
6137
3383
6470
138
5813
3629
79
646
9949
1176
8405
4804
6722
8509
5079
7835
3607
5230
3684
8354
2913
9788
5114
6394
3262
5332
446
1787
18
2455
2309
6378
2156
6729
2351
4259
5303
486
115
2585
1708
9308
6581
9367
7493
2473
2517
2018
9933
2402
385
1229
915
1980
7498
344
8556
3179
964
4502
5368
4149
9142
7914
8381
8946
1234
5630
6848
9395
2959
8511
7139
3371
2913
3384
4904
398
8250
1385
7091
1733
9898
1331
3933
3275
9186
6819
8053
6696
215
9033
9025
5671
593
6837
2738
421
3939
9789
4789
9609
4533
108
5654
5195
8860
8586
6736
7810
8508
9124
2399
2957
2372
3496
9942
1885
5943
3840
7003
8094
6139
8984
1424
465
762
189
4046
3159
7894
8021
698
6476
7674
7157
7881
2397
5515
866
5728
967
1277
4631
3619
2590
8658
7520
3023
3366
6109
6529
3428
1298
8501
7303
6970
6759
6789
8616
6964
2107
4160
1721
6850
752
9313
1692
9856
7
7313
868
6732
2386
4594
9735
5957
8459
4360
9326
4991
9370
872
508
1203
9991
8168
8601
2530
9276
9973
4986
2714
1926
3700
4814
7794
3944
2000
1687
6687
8572
1522
1667
2009
3191
2047
7943
200
2472
8379
1911
600
6861
8843
6660
5291
1185
2136
5010
1469
454
3695
6133
8467
5739
5670
8744
2781
8682
633
3113
4939
5057
7778
1844
1083
7898
3415
3130
6928
1689
3694
5310
3598
7858
2171
3309
2962
4373
9514
9159
6543
3239
7639
7534
755
3918
4138
2810
9128
3352
705
6934
1654
2937
5158
4699
5093
3327
7680
3958
6464
5747
3589
9993
966
7071
7900
715
795
8902
1488
556
219
2581
9761
2042
6606
4852
4933
2489
2790
824
9052
7314
9397
4136
2257
155
4764
5354
7772
4079
9358
8122
9172
5625
7172
4518
6274
9330
5785
6937
6848
4757
3989
9186
913
2492
5991
6560
8218
7689
6220
492
1646
978
7116
5699
5495
921
3811
9791
3104
2663
6253
7393
2464
9621
5547
2397
1584
375
5074
4641
9598
7573
5794
3043
858
6487
5652
6775
4845
4397
5197
9946
1066
5208
5007
4653
1373
3225
431
9345
4656
6131
177
460
4172
9295
1567
6118
7260
6525
5177
4355
2124
3953
7510
9212
2353
5057
584
9276
7491
3562
8478
1716
1957
522
7219
8427
3430
862
3411
6470
3375
3848
3630
7648
9052
1916
2437
3110
5256
2215
2546
1474
1408
7437
2308
3249
4858
2670
